5.000	1.00
5.020	1.00
5.040	1.00
5.060	1.00
5.080	1.00
5.100	1.00
5.120	1.00
5.140	1.00
5.160	1.00
5.180	1.00
5.200	1.00
5.220	1.00
5.240	1.00
5.260	1.00
5.280	1.00
5.300	1.00
5.320	1.00
5.340	1.00
5.360	1.00
5.380	1.00
5.400	1.00
5.420	1.00
5.440	1.00
5.460	1.00
5.480	1.00
5.500	1.00
5.520	1.00
5.540	1.00
5.560	1.00
5.580	1.00
5.600	1.00
5.620	1.00
5.640	1.00
5.660	1.00
5.680	1.00
5.700	1.00
5.720	1.00
5.740	1.00
5.760	1.00
5.780	1.00
5.800	1.00
5.820	1.00
5.840	1.00
5.860	1.00
5.880	1.00
5.900	1.00
5.920	1.00
5.940	1.00
5.960	1.00
5.980	1.00
6.000	1.00
6.020	1.00
6.040	1.00
6.060	1.00
6.080	1.00
6.100	1.00
6.120	1.00
6.140	1.00
6.160	1.00
6.180	1.00
6.200	1.00
6.220	1.00
6.240	1.00
6.260	1.00
6.280	1.00
6.300	1.00
6.320	1.00
6.340	1.00
6.360	1.00
6.380	1.00
6.400	1.00
6.420	1.00
6.440	1.00
6.460	1.00
6.480	1.00
6.500	1.00
6.520	1.00
6.540	1.00
6.560	1.00
6.580	1.00
6.600	1.00
6.620	1.00
6.640	1.00
6.660	1.00
6.680	1.00
6.700	1.00
6.720	1.00
6.740	1.00
6.760	1.00
6.780	1.00
6.800	1.00
6.820	1.00
6.840	1.00
6.860	1.00
6.880	1.00
6.900	1.00
6.920	1.00
6.940	1.00
6.960	1.00
6.980	1.00
7.000	1.00
7.020	1.00
7.040	1.00
7.060	1.00
7.080	1.00
7.100	1.00
7.120	1.00
7.140	1.00
7.160	1.00
7.180	1.00
7.200	1.00
7.220	1.00
7.240	1.00
7.260	1.00
7.280	1.00
7.300	1.00
7.320	1.00
7.340	1.00
7.360	1.00
7.380	1.00
7.400	1.00
7.420	1.00
7.440	1.00
7.460	1.00
7.480	1.00
7.500	1.00
7.520	1.00
7.540	1.00
7.560	1.00
7.580	1.00
7.600	1.00
7.620	1.00
7.640	1.00
7.660	1.00
7.680	1.00
7.700	1.00
7.720	1.00
7.740	1.00
7.760	1.00
7.780	1.00
7.800	1.00
7.820	1.00
7.840	1.00
7.860	1.00
7.880	1.00
7.900	1.00
7.920	1.00
7.940	1.00
7.960	1.00
7.980	1.00
8.000	1.00
8.020	1.00
8.040	1.00
8.060	1.00
8.080	1.00
8.100	1.00
8.120	1.00
8.140	1.00
8.160	1.00
8.180	1.00
8.200	1.00
8.220	1.00
8.240	1.00
8.260	1.00
8.280	1.00
8.300	1.00
8.320	1.00
8.340	1.00
8.360	1.00
8.380	1.00
8.400	1.00
8.420	1.00
8.440	1.00
8.460	1.00
8.480	1.00
8.500	1.00
8.520	1.00
8.540	1.00
8.560	11.60
8.580	13.44
8.600	15.80
8.620	18.91
8.640	23.09
8.660	28.91
8.680	37.34
8.700	50.16
8.720	71.09
8.740	111.34
8.760	225.88
8.780	608.33
8.800	1430.13
8.820	1893.00
8.840	1129.91
8.860	437.06
8.880	172.43
8.900	94.55
8.920	63.02
8.940	45.35
8.960	34.23
8.980	26.79
9.000	21.58
9.020	17.80
9.040	14.97
9.060	12.79
9.080	11.09
9.100	1.00
9.120	1.00
9.140	1.00
9.160	1.00
9.180	1.00
9.200	1.00
9.220	1.00
9.240	1.00
9.260	1.00
9.280	1.00
9.300	1.00
9.320	1.00
9.340	1.00
9.360	1.00
9.380	1.00
9.400	1.00
9.420	1.00
9.440	1.00
9.460	1.00
9.480	1.00
9.500	1.00
9.520	1.00
9.540	1.00
9.560	1.00
9.580	1.00
9.600	1.00
9.620	1.00
9.640	1.00
9.660	1.00
9.680	1.00
9.700	1.00
9.720	1.00
9.740	1.00
9.760	1.00
9.780	1.00
9.800	1.00
9.820	1.00
9.840	1.00
9.860	1.00
9.880	1.00
9.900	1.00
9.920	1.00
9.940	1.00
9.960	1.00
9.980	1.00
10.000	1.00
10.020	1.00
10.040	1.00
10.060	1.00
10.080	1.00
10.100	1.00
10.120	1.00
10.140	1.00
10.160	1.00
10.180	1.00
10.200	1.00
10.220	1.00
10.240	1.00
10.260	1.00
10.280	1.00
10.300	1.00
10.320	1.00
10.340	1.00
10.360	1.00
10.380	1.00
10.400	1.00
10.420	1.00
10.440	1.00
10.460	1.00
10.480	1.00
10.500	1.00
10.520	1.00
10.540	1.00
10.560	1.00
10.580	22.32
10.600	33.72
10.620	39.56
10.640	47.12
10.660	57.13
10.680	70.77
10.700	90.01
10.720	118.37
10.740	162.65
10.760	239.96
10.780	422.48
10.800	1002.60
10.820	2497.30
10.840	4410.61
10.860	4271.75
10.880	2756.63
10.900	1273.79
10.920	537.70
10.940	275.39
10.960	177.12
10.980	126.63
11.000	95.31
11.020	74.38
11.040	59.70
11.060	49.01
11.080	41.00
11.100	34.83
11.120	29.98
11.140	9.11
11.160	1.00
11.180	1.00
11.200	1.00
11.220	1.00
11.240	1.00
11.260	1.00
11.280	1.00
11.300	1.00
11.320	1.00
11.340	1.00
11.360	1.00
11.380	1.00
11.400	1.00
11.420	1.00
11.440	1.00
11.460	1.00
11.480	1.00
11.500	1.00
11.520	1.00
11.540	1.00
11.560	1.00
11.580	1.00
11.600	1.00
11.620	1.00
11.640	1.00
11.660	1.00
11.680	1.00
11.700	1.00
11.720	1.00
11.740	1.00
11.760	1.00
11.780	1.00
11.800	1.00
11.820	1.00
11.840	1.00
11.860	1.00
11.880	1.00
11.900	1.00
11.920	1.00
11.940	1.00
11.960	1.00
11.980	1.00
12.000	1.00
12.020	1.00
12.040	1.00
12.060	1.00
12.080	1.00
12.100	1.00
12.120	1.00
12.140	1.00
12.160	75.28
12.180	87.43
12.200	102.80
12.220	122.65
12.240	148.87
12.260	248.57
12.280	309.08
12.300	395.59
12.320	525.89
12.340	740.31
12.360	1190.50
12.380	2545.57
12.400	6357.02
12.420	12435.51
12.440	13124.03
12.460	7582.69
12.480	4632.65
12.500	6379.86
12.520	11049.68
12.540	11255.57
12.560	6058.65
12.580	2475.39
12.600	1143.07
12.620	703.86
12.640	500.30
12.660	377.38
12.680	295.71
12.700	238.48
12.720	131.26
12.740	107.95
12.760	90.36
12.780	76.76
12.800	66.03
12.820	1.00
12.840	1.00
12.860	1.00
12.880	1.00
12.900	1.00
12.920	1.00
12.940	1.00
12.960	1.00
12.980	1.00
13.000	1.00
13.020	1.00
13.040	1.00
13.060	1.00
13.080	1.00
13.100	1.00
13.120	1.00
13.140	1.00
13.160	1.00
13.180	1.00
13.200	1.00
13.220	1.00
13.240	1.00
13.260	1.00
13.280	1.00
13.300	1.00
13.320	1.00
13.340	1.00
13.360	1.00
13.380	1.00
13.400	1.00
13.420	1.00
13.440	1.00
13.460	1.00
13.480	1.00
13.500	1.00
13.520	1.00
13.540	1.00
13.560	1.00
13.580	1.00
13.600	1.00
13.620	1.00
13.640	1.00
13.660	1.00
13.680	1.00
13.700	1.00
13.720	1.00
13.740	1.00
13.760	1.00
13.780	1.00
13.800	1.00
13.820	1.00
13.840	1.00
13.860	1.00
13.880	1.00
13.900	1.00
13.920	1.00
13.940	1.00
13.960	1.00
13.980	1.00
14.000	1.00
14.020	1.00
14.040	1.00
14.060	1.00
14.080	1.00
14.100	1.00
14.120	1.00
14.140	1.00
14.160	1.00
14.180	1.00
14.200	1.00
14.220	1.00
14.240	1.00
14.260	1.00
14.280	1.00
14.300	1.00
14.320	1.00
14.340	1.00
14.360	1.00
14.380	1.00
14.400	1.00
14.420	1.00
14.440	1.00
14.460	1.00
14.480	1.00
14.500	1.00
14.520	1.00
14.540	1.00
14.560	1.00
14.580	1.00
14.600	1.00
14.620	1.00
14.640	1.00
14.660	1.00
14.680	1.00
14.700	1.00
14.720	1.00
14.740	1.00
14.760	1.00
14.780	1.00
14.800	1.00
14.820	1.00
14.840	1.00
14.860	1.00
14.880	1.00
14.900	1.00
14.920	1.00
14.940	1.00
14.960	1.00
14.980	1.00
15.000	1.00
15.020	1.00
15.040	1.00
15.060	1.00
15.080	1.00
15.100	1.00
15.120	1.00
15.140	1.00
15.160	1.00
15.180	1.00
15.200	1.00
15.220	1.00
15.240	1.00
15.260	1.00
15.280	1.00
15.300	1.00
15.320	1.00
15.340	1.00
15.360	1.00
15.380	1.00
15.400	1.00
15.420	1.00
15.440	1.00
15.460	1.00
15.480	1.00
15.500	1.00
15.520	1.00
15.540	1.00
15.560	1.00
15.580	1.00
15.600	1.00
15.620	1.00
15.640	1.00
15.660	1.00
15.680	1.00
15.700	1.00
15.720	1.00
15.740	1.00
15.760	1.00
15.780	1.00
15.800	1.00
15.820	1.00
15.840	1.00
15.860	1.00
15.880	1.00
15.900	1.00
15.920	1.00
15.940	1.00
15.960	1.00
15.980	1.00
16.000	1.00
16.020	1.00
16.040	1.00
16.060	1.00
16.080	1.00
16.100	1.00
16.120	1.00
16.140	1.00
16.160	1.00
16.180	1.00
16.200	1.00
16.220	1.00
16.240	1.00
16.260	80.84
16.280	93.27
16.300	108.82
16.320	190.30
16.340	225.80
16.360	272.38
16.380	335.19
16.400	422.79
16.420	550.22
16.440	747.24
16.460	1098.56
16.480	1960.66
16.500	4474.55
16.520	9987.82
16.540	15841.22
16.560	14960.88
16.580	13250.71
16.600	13175.25
16.620	8888.27
16.640	4209.68
16.660	1880.12
16.680	1044.09
16.700	708.83
16.720	523.83
16.740	404.16
16.760	321.59
16.780	262.17
16.800	217.95
16.820	184.13
16.840	157.69
16.860	72.52
16.880	62.78
16.900	1.00
16.920	1.00
16.940	1.00
16.960	1.00
16.980	1.00
17.000	1.00
17.020	1.00
17.040	1.00
17.060	1.00
17.080	1.00
17.100	1.00
17.120	1.00
17.140	1.00
17.160	1.00
17.180	1.00
17.200	1.00
17.220	1.00
17.240	1.00
17.260	1.00
17.280	1.00
17.300	1.00
17.320	1.00
17.340	1.00
17.360	1.00
17.380	1.00
17.400	41.57
17.420	47.82
17.440	55.62
17.460	65.52
17.480	78.37
17.500	95.43
17.520	158.74
17.540	197.56
17.560	253.53
17.580	339.25
17.600	490.00
17.620	854.78
17.640	1936.67
17.660	4421.19
17.680	7292.33
17.700	6483.77
17.720	3521.66
17.740	1811.46
17.760	1613.21
17.780	2870.52
17.800	5794.10
17.820	8182.81
17.840	6076.64
17.860	2891.87
17.880	1213.46
17.900	622.13
17.920	406.48
17.940	295.97
17.960	226.62
17.980	179.57
18.000	112.28
18.020	91.51
18.040	76.02
18.060	64.17
18.080	54.92
18.100	47.55
18.120	41.59
18.140	1.00
18.160	1.00
18.180	1.00
18.200	1.00
18.220	1.00
18.240	1.00
18.260	1.00
18.280	1.00
18.300	1.00
18.320	1.00
18.340	1.00
18.360	1.00
18.380	1.00
18.400	1.00
18.420	1.00
18.440	1.00
18.460	1.00
18.480	1.00
18.500	1.00
18.520	1.00
18.540	1.00
18.560	1.00
18.580	1.00
18.600	1.00
18.620	1.00
18.640	1.00
18.660	1.00
18.680	1.00
18.700	1.00
18.720	1.00
18.740	1.00
18.760	1.00
18.780	1.00
18.800	1.00
18.820	1.00
18.840	1.00
18.860	1.00
18.880	1.00
18.900	1.00
18.920	1.00
18.940	1.00
18.960	1.00
18.980	1.00
19.000	1.00
19.020	1.00
19.040	1.00
19.060	1.00
19.080	1.00
19.100	1.00
19.120	1.00
19.140	1.00
19.160	1.00
19.180	1.00
19.200	1.00
19.220	1.00
19.240	1.00
19.260	1.00
19.280	1.00
19.300	1.00
19.320	1.00
19.340	1.00
19.360	1.00
19.380	1.00
19.400	1.00
19.420	1.00
19.440	2.36
19.460	2.57
19.480	2.82
19.500	3.15
19.520	3.57
19.540	4.12
19.560	36.02
19.580	41.68
19.600	48.92
19.620	58.58
19.640	72.02
19.660	94.20
19.680	140.57
19.700	235.59
19.720	364.86
19.740	412.41
19.760	395.76
19.780	493.18
19.800	947.93
19.820	2257.59
19.840	4570.12
19.860	5806.34
19.880	3921.20
19.900	1803.86
19.920	762.51
19.940	393.59
19.960	252.10
19.980	179.13
20.000	134.43
20.020	104.70
20.040	82.69
20.060	67.67
20.080	56.43
20.100	47.79
20.120	41.02
20.140	35.61
20.160	31.23
20.180	1.13
20.200	1.11
20.220	1.10
20.240	1.00
20.260	1.00
20.280	1.00
20.300	1.00
20.320	1.00
20.340	1.00
20.360	1.00
20.380	1.00
20.400	1.00
20.420	38.52
20.440	43.80
20.460	50.27
20.480	58.31
20.500	68.50
20.520	81.63
20.540	98.96
20.560	123.50
20.580	156.62
20.600	204.95
20.620	279.68
20.640	411.05
20.660	722.01
20.680	1636.79
20.700	3833.51
20.720	6837.58
20.740	7003.58
20.760	4051.60
20.780	1755.33
20.800	779.59
20.820	473.62
20.840	400.72
20.860	400.22
20.880	335.78
20.900	220.72
20.920	141.09
20.940	100.95
20.960	79.90
20.980	66.21
21.000	56.10
21.020	48.28
21.040	42.07
21.060	3.59
21.080	3.13
21.100	2.79
21.120	2.52
21.140	2.31
21.160	2.14
21.180	1.00
21.200	1.00
21.220	1.00
21.240	1.00
21.260	1.00
21.280	1.00
21.300	1.00
21.320	1.00
21.340	1.00
21.360	1.00
21.380	1.00
21.400	1.00
21.420	1.00
21.440	1.00
21.460	1.00
21.480	12.89
21.500	14.58
21.520	16.67
21.540	40.53
21.560	46.88
21.580	54.92
21.600	65.29
21.620	79.01
21.640	97.70
21.660	124.14
21.680	163.66
21.700	230.82
21.720	380.60
21.740	774.13
21.760	1614.35
21.780	2685.12
21.800	3132.23
21.820	3611.48
21.840	4388.25
21.860	3537.74
21.880	1856.29
21.900	815.00
21.920	399.73
21.940	248.93
21.960	177.36
21.980	133.91
22.000	104.80
22.020	84.31
22.040	69.35
22.060	58.09
22.080	49.40
22.100	42.56
22.120	27.00
22.140	23.63
22.160	20.88
22.180	1.00
22.200	1.00
22.220	1.00
22.240	1.00
22.260	1.00
22.280	1.00
22.300	1.00
22.320	1.00
22.340	1.00
22.360	1.00
22.380	1.00
22.400	1.00
22.420	1.00
22.440	1.00
22.460	1.00
22.480	1.00
22.500	1.00
22.520	1.00
22.540	1.00
22.560	1.00
22.580	1.00
22.600	1.00
22.620	1.00
22.640	1.00
22.660	1.00
22.680	1.00
22.700	1.00
22.720	1.00
22.740	1.00
22.760	1.00
22.780	1.00
22.800	1.00
22.820	1.00
22.840	1.00
22.860	1.00
22.880	1.00
22.900	1.00
22.920	1.00
22.940	1.00
22.960	1.00
22.980	1.00
23.000	1.00
23.020	1.00
23.040	1.00
23.060	1.00
23.080	1.00
23.100	1.00
23.120	1.00
23.140	1.00
23.160	1.00
23.180	1.00
23.200	1.00
23.220	1.00
23.240	1.00
23.260	1.00
23.280	1.00
23.300	1.00
23.320	1.00
23.340	1.00
23.360	1.00
23.380	1.00
23.400	1.00
23.420	1.00
23.440	1.00
23.460	1.00
23.480	1.00
23.500	1.00
23.520	1.00
23.540	1.00
23.560	1.00
23.580	1.00
23.600	1.00
23.620	1.00
23.640	1.00
23.660	1.00
23.680	1.00
23.700	1.00
23.720	1.00
23.740	1.00
23.760	1.00
23.780	1.00
23.800	1.00
23.820	1.00
23.840	1.00
23.860	1.00
23.880	1.00
23.900	1.00
23.920	1.00
23.940	1.00
23.960	1.00
23.980	11.03
24.000	12.41
24.020	14.11
24.040	45.88
24.060	52.54
24.080	60.82
24.100	71.29
24.120	84.83
24.140	102.76
24.160	127.28
24.180	162.24
24.200	216.30
24.220	318.21
24.240	562.42
24.260	1124.56
24.280	2042.11
24.300	2798.57
24.320	3355.38
24.340	4854.35
24.360	6174.45
24.380	4709.09
24.400	2406.50
24.420	1055.56
24.440	524.52
24.460	329.07
24.480	234.90
24.500	177.41
24.520	138.81
24.540	111.59
24.560	91.70
24.580	76.73
24.600	65.18
24.620	46.56
24.640	40.34
24.660	35.31
24.680	31.18
24.700	3.00
24.720	3.28
24.740	3.62
24.760	4.04
24.780	4.58
24.800	5.28
24.820	6.19
24.840	7.42
24.860	9.15
24.880	11.67
24.900	21.90
24.920	29.74
24.940	47.47
24.960	95.79
24.980	204.07
25.000	348.37
25.020	367.31
25.040	234.96
25.060	123.77
25.080	76.87
25.100	69.10
25.120	81.78
25.140	124.61
25.160	254.21
25.180	566.04
25.200	1025.36
25.220	1167.66
25.240	763.44
25.260	360.51
25.280	158.33
25.300	84.05
25.320	55.41
25.340	38.70
25.360	29.49
25.380	23.27
25.400	18.86
25.420	15.63
25.440	13.21
25.460	11.33
25.480	9.86
25.500	8.67
25.520	7.71
25.540	6.15
25.560	1.00
25.580	1.00
25.600	1.00
25.620	1.00
25.640	1.00
25.660	1.00
25.680	1.00
25.700	1.00
25.720	1.00
25.740	1.00
25.760	1.00
25.780	1.00
25.800	1.00
25.820	1.00
25.840	1.00
25.860	1.00
25.880	1.00
25.900	1.00
25.920	1.00
25.940	1.00
25.960	1.00
25.980	1.00
26.000	1.00
26.020	1.00
26.040	1.00
26.060	1.00
26.080	1.00
26.100	1.00
26.120	1.00
26.140	1.00
26.160	1.00
26.180	1.00
26.200	1.00
26.220	1.00
26.240	1.00
26.260	1.00
26.280	1.00
26.300	1.00
26.320	1.00
26.340	2.60
26.360	2.81
26.380	3.09
26.400	3.41
26.420	3.82
26.440	4.33
26.460	4.99
26.480	6.37
26.500	7.65
26.520	9.45
26.540	12.09
26.560	16.31
26.580	24.62
26.600	46.35
26.620	103.59
26.640	211.82
26.660	310.84
26.680	264.79
26.700	148.66
26.720	72.75
26.740	45.41
26.760	50.57
26.780	78.37
26.800	104.46
26.820	86.35
26.840	48.57
26.860	23.94
26.880	13.33
26.900	9.20
26.920	7.16
26.940	5.88
26.960	4.99
26.980	4.33
27.000	2.34
27.020	65.04
27.040	73.32
27.060	83.49
27.080	96.07
27.100	111.85
27.120	131.98
27.140	157.71
27.160	192.65
27.180	240.52
27.200	340.86
27.220	446.33
27.240	616.09
27.260	956.34
27.280	1898.07
27.300	4281.28
27.320	8539.53
27.340	12164.71
27.360	10104.69
27.380	5624.28
27.400	2778.87
27.420	1693.45
27.440	1518.85
27.460	1970.37
27.480	3358.60
27.500	5739.77
27.520	7436.40
27.540	6868.22
27.560	7451.29
27.580	11860.69
27.600	17861.04
27.620	17602.49
27.640	10932.40
27.660	5222.92
27.680	2371.96
27.700	1317.41
27.720	886.24
27.740	747.94
27.760	610.67
27.780	522.50
27.800	466.82
27.820	434.90
27.840	422.37
27.860	399.50
27.880	500.47
27.900	561.15
27.920	655.87
27.940	761.44
27.960	955.35
27.980	1425.63
28.000	2608.06
28.020	5705.51
28.040	11750.47
28.060	18002.47
28.080	16482.86
28.100	9798.64
28.120	5173.25
28.140	3938.33
28.160	5717.68
28.180	10157.40
28.200	14200.42
28.220	11935.40
28.240	6635.26
28.260	3082.81
28.280	1539.51
28.300	958.48
28.320	691.27
28.340	531.24
28.360	422.96
28.380	345.60
28.400	288.27
28.420	163.45
28.440	137.61
28.460	117.44
28.480	101.42
28.500	88.47
28.520	77.87
28.540	1.00
28.560	1.00
28.580	1.00
28.600	1.00
28.620	1.00
28.640	1.00
28.660	1.00
28.680	1.00
28.700	1.00
28.720	1.00
28.740	1.00
28.760	1.00
28.780	1.00
28.800	1.00
28.820	1.00
28.840	1.00
28.860	1.00
28.880	1.00
28.900	1.00
28.920	1.00
28.940	1.00
28.960	1.00
28.980	1.00
29.000	1.00
29.020	1.00
29.040	1.00
29.060	1.00
29.080	1.00
29.100	1.00
29.120	1.00
29.140	1.00
29.160	1.00
29.180	1.00
29.200	1.00
29.220	1.00
29.240	1.00
29.260	1.00
29.280	1.00
29.300	1.00
29.320	1.00
29.340	1.00
29.360	1.00
29.380	1.00
29.400	1.00
29.420	1.00
29.440	1.00
29.460	1.00
29.480	1.00
29.500	1.00
29.520	1.00
29.540	1.00
29.560	1.00
29.580	1.00
29.600	1.00
29.620	1.00
29.640	1.00
29.660	1.00
29.680	1.00
29.700	1.00
29.720	1.00
29.740	1.00
29.760	1.00
29.780	1.00
29.800	1.00
29.820	1.00
29.840	1.00
29.860	1.00
29.880	1.00
29.900	1.00
29.920	1.00
29.940	1.00
29.960	1.00
29.980	1.00
30.000	1.00
30.020	1.00
30.040	1.00
30.060	62.40
30.080	140.77
30.100	159.71
30.120	182.77
30.140	211.22
30.160	246.90
30.180	292.46
30.200	351.90
30.220	431.43
30.240	541.19
30.260	698.82
30.280	941.46
30.300	1381.42
30.320	2400.52
30.340	4933.31
30.360	10104.21
30.380	17059.98
30.400	21000.00
30.420	19476.81
30.440	12689.53
30.460	6392.24
30.480	3007.77
30.500	1620.99
30.520	1058.99
30.540	771.19
30.560	590.36
30.580	466.56
30.600	377.94
30.620	312.39
30.640	262.61
30.660	223.95
30.680	193.39
30.700	168.87
30.720	149.15
30.740	80.80
30.760	4.44
30.780	5.82
30.800	8.79
30.820	16.64
30.840	35.36
30.860	66.00
30.880	86.66
30.900	68.06
30.920	37.47
30.940	18.52
30.960	11.13
30.980	10.18
31.000	14.26
31.020	24.13
31.040	35.25
31.060	33.49
31.080	20.92
31.100	10.82
31.120	5.89
31.140	3.96
31.160	3.12
31.180	2.64
31.200	2.32
31.220	2.09
31.240	1.53
31.260	1.44
31.280	1.37
31.300	1.31
31.320	1.27
31.340	1.23
31.360	1.20
31.380	1.18
31.400	1.00
31.420	1.00
31.440	1.00
31.460	1.00
31.480	1.00
31.500	1.00
31.520	1.00
31.540	1.00
31.560	1.00
31.580	1.00
31.600	1.00
31.620	1.00
31.640	1.00
31.660	1.00
31.680	1.00
31.700	1.00
31.720	1.13
31.740	1.15
31.760	1.17
31.780	1.19
31.800	1.22
31.820	1.26
31.840	1.31
31.860	1.37
31.880	1.46
31.900	1.58
31.920	5.17
31.940	5.87
31.960	25.76
31.980	29.84
32.000	36.27
32.020	46.95
32.040	61.69
32.060	73.17
32.080	75.57
32.100	79.05
32.120	90.51
32.140	111.86
32.160	146.85
32.180	210.11
32.200	344.65
32.220	640.10
32.240	1222.01
32.260	2131.09
32.280	3251.79
32.300	3900.98
32.320	2982.01
32.340	1609.28
32.360	752.11
32.380	377.75
32.400	235.08
32.420	170.09
32.440	132.66
32.460	145.64
32.480	134.82
32.500	130.80
32.520	138.53
32.540	146.89
32.560	162.08
32.580	186.40
32.600	251.21
32.620	354.69
32.640	522.67
32.660	870.15
32.680	1491.30
32.700	2088.85
32.720	2229.32
32.740	2616.31
32.760	4171.83
32.780	6539.11
32.800	7204.05
32.820	5330.89
32.840	3662.49
32.860	3119.75
32.880	3346.45
32.900	4810.88
32.920	7816.81
32.940	10298.35
32.960	9193.09
32.980	5821.31
33.000	3339.38
33.020	2218.15
33.040	1539.98
33.060	967.94
33.080	603.30
33.100	414.53
33.120	313.85
33.140	252.89
33.160	180.05
33.180	152.03
33.200	131.20
33.220	125.20
33.240	116.10
33.260	110.66
33.280	108.72
33.300	88.80
33.320	71.80
33.340	90.50
33.360	125.88
33.380	205.24
33.400	399.71
33.420	735.73
33.440	1043.25
33.460	970.37
33.480	727.77
33.500	738.44
33.520	1233.48
33.540	2195.00
33.560	2921.37
33.580	2382.62
33.600	1335.24
33.620	627.37
33.640	307.66
33.660	184.65
33.680	129.68
33.700	97.85
33.720	76.71
33.740	61.82
33.760	50.93
33.780	42.73
33.800	31.83
33.820	27.32
33.840	23.73
33.860	20.82
33.880	18.43
33.900	16.45
33.920	1.00
33.940	1.00
33.960	1.00
33.980	1.00
34.000	1.00
34.020	1.00
34.040	1.00
34.060	1.00
34.080	1.00
34.100	1.00
34.120	1.00
34.140	1.00
34.160	1.00
34.180	1.00
34.200	1.00
34.220	1.00
34.240	1.00
34.260	1.00
34.280	1.00
34.300	1.00
34.320	1.00
34.340	1.00
34.360	1.00
34.380	1.00
34.400	1.00
34.420	1.00
34.440	1.00
34.460	1.00
34.480	1.00
34.500	1.00
34.520	1.00
34.540	1.00
34.560	1.00
34.580	1.00
34.600	1.00
34.620	1.00
34.640	1.00
34.660	1.00
34.680	1.00
34.700	1.00
34.720	1.00
34.740	1.00
34.760	1.00
34.780	1.00
34.800	26.37
34.820	29.51
34.840	33.27
34.860	37.82
34.880	43.40
34.900	50.33
34.920	59.11
34.940	70.42
34.960	85.35
34.980	105.57
35.000	145.38
35.020	188.51
35.040	256.55
35.060	402.52
35.080	732.19
35.100	1545.25
35.120	3068.17
35.140	4719.33
35.160	4636.03
35.180	2958.81
35.200	1514.57
35.220	785.74
35.240	528.01
35.260	488.44
35.280	619.26
35.300	1027.09
35.320	1786.79
35.340	2584.67
35.360	2739.93
35.380	2712.24
35.400	3048.04
35.420	2937.83
35.440	1965.29
35.460	1047.11
35.480	530.32
35.500	310.20
35.520	195.32
35.540	149.37
35.560	121.05
35.580	102.47
35.600	90.37
35.620	83.13
35.640	80.03
35.660	81.08
35.680	87.13
35.700	100.84
35.720	121.80
35.740	206.02
35.760	416.04
35.780	819.25
35.800	1326.66
35.820	1408.01
35.840	944.68
35.860	483.71
35.880	229.16
35.900	125.45
35.920	85.78
35.940	67.91
35.960	59.26
35.980	57.07
36.000	63.18
36.020	88.48
36.040	160.14
36.060	305.47
36.080	483.91
36.100	513.00
36.120	347.56
36.140	181.36
36.160	88.39
36.180	42.67
36.200	27.59
36.220	20.12
36.240	15.53
36.260	12.41
36.280	10.19
36.300	8.55
36.320	7.31
36.340	6.35
36.360	5.59
36.380	4.99
36.400	4.49
36.420	4.08
36.440	3.74
36.460	1.00
36.480	1.00
36.500	1.00
36.520	1.00
36.540	1.77
36.560	11.27
36.580	12.53
36.600	14.04
36.620	15.86
36.640	18.10
36.660	20.87
36.680	29.29
36.700	34.42
36.720	41.10
36.740	50.03
36.760	62.39
36.780	81.36
36.800	110.65
36.820	167.75
36.840	299.54
36.860	598.97
36.880	1137.38
36.900	1760.07
36.920	1907.66
36.940	1366.40
36.960	828.88
36.980	649.58
37.000	797.57
37.020	1005.84
37.040	889.39
37.060	567.70
37.080	341.18
37.100	268.25
37.120	277.03
37.140	257.35
37.160	200.44
37.180	180.37
37.200	221.19
37.220	276.22
37.240	257.54
37.260	169.24
37.280	91.04
37.300	56.69
37.320	43.46
37.340	38.95
37.360	37.98
37.380	41.50
37.400	40.71
37.420	46.82
37.440	55.89
37.460	69.34
37.480	90.21
37.500	126.63
37.520	211.64
37.540	426.86
37.560	884.52
37.580	1543.87
37.600	1894.41
37.620	1459.49
37.640	825.67
37.660	436.74
37.680	317.63
37.700	374.20
37.720	489.46
37.740	481.37
37.760	326.26
37.780	181.17
37.800	99.81
37.820	64.87
37.840	52.01
37.860	52.81
37.880	61.71
37.900	72.22
37.920	66.57
37.940	47.93
37.960	33.42
37.980	16.67
38.000	14.08
38.020	13.39
38.040	13.70
38.060	14.77
38.080	16.74
38.100	17.87
38.120	23.87
38.140	36.59
38.160	68.10
38.180	137.94
38.200	249.07
38.220	336.01
38.240	296.95
38.260	210.49
38.280	180.29
38.300	208.77
38.320	219.87
38.340	170.24
38.360	106.77
38.380	58.98
38.400	32.94
38.420	20.76
38.440	14.94
38.460	11.68
38.480	9.54
38.500	8.01
38.520	6.87
38.540	5.99
38.560	5.30
38.580	4.74
38.600	2.79
38.620	2.56
38.640	2.37
38.660	2.22
38.680	1.19
38.700	1.17
38.720	1.00
38.740	1.00
38.760	1.00
38.780	1.00
38.800	1.00
38.820	1.00
38.840	1.00
38.860	1.00
38.880	1.00
38.900	1.00
38.920	1.00
38.940	1.00
38.960	1.00
38.980	1.00
39.000	1.00
39.020	1.00
39.040	1.00
39.060	1.00
39.080	1.00
39.100	1.00
39.120	1.00
39.140	1.00
39.160	1.00
39.180	1.00
39.200	3.16
39.220	3.43
39.240	3.74
39.260	4.13
39.280	4.59
39.300	5.18
39.320	5.91
39.340	6.85
39.360	8.09
39.380	9.76
39.400	12.08
39.420	15.47
39.440	20.86
39.460	31.37
39.480	56.97
39.500	118.65
39.520	233.67
39.540	365.82
39.560	381.46
39.580	258.36
39.600	135.04
39.620	64.51
39.640	34.34
39.660	22.19
39.680	16.23
39.700	12.59
39.720	10.19
39.740	8.43
39.760	7.14
39.780	6.16
39.800	5.41
39.820	4.83
39.840	4.37
39.860	4.00
39.880	3.72
39.900	3.49
39.920	3.95
39.940	2.16
39.960	2.41
39.980	2.82
40.000	3.65
40.020	5.55
40.040	9.27
40.060	14.27
40.080	16.67
40.100	13.81
40.120	9.86
40.140	7.85
40.160	7.96
40.180	10.17
40.200	16.42
40.220	32.08
40.240	62.64
40.260	101.07
40.280	112.54
40.300	81.08
40.320	44.60
40.340	22.46
40.360	12.89
40.380	9.73
40.400	9.92
40.420	13.45
40.440	20.26
40.460	26.10
40.480	23.25
40.500	15.02
40.520	8.50
40.540	5.09
40.560	3.62
40.580	2.94
40.600	2.55
40.620	2.28
40.640	2.08
40.660	1.41
40.680	1.34
40.700	1.28
40.720	1.24
40.740	1.21
40.760	1.18
40.780	1.16
40.800	1.14
40.820	1.13
40.840	1.00
40.860	1.00
40.880	1.20
40.900	1.22
40.920	1.25
40.940	1.28
40.960	1.32
40.980	1.37
41.000	1.43
41.020	14.20
41.040	15.84
41.060	17.80
41.080	20.19
41.100	27.03
41.120	31.19
41.140	36.55
41.160	46.18
41.180	57.58
41.200	75.69
41.220	102.33
41.240	133.37
41.260	161.22
41.280	205.75
41.300	326.40
41.320	635.06
41.340	1247.33
41.360	2051.72
41.380	2392.01
41.400	1870.79
41.420	1262.78
41.440	1028.92
41.460	1038.16
41.480	942.24
41.500	787.12
41.520	705.40
41.540	587.06
41.560	392.85
41.580	233.67
41.600	143.86
41.620	102.96
41.640	87.55
41.660	83.46
41.680	92.51
41.700	119.71
41.720	162.62
41.740	195.68
41.760	188.07
41.780	201.02
41.800	253.80
41.820	381.16
41.840	618.84
41.860	889.18
41.880	898.59
41.900	648.59
41.920	418.30
41.940	291.14
41.960	258.25
41.980	294.02
42.000	315.54
42.020	247.90
42.040	155.06
42.060	93.55
42.080	67.25
42.100	66.71
42.120	92.73
42.140	159.65
42.160	262.93
42.180	332.84
42.200	277.88
42.220	168.32
42.240	87.77
42.260	43.16
42.280	26.60
42.300	19.41
42.320	15.13
42.340	12.84
42.360	11.58
42.380	10.23
42.400	12.47
42.420	19.10
42.440	31.50
42.460	44.88
42.480	44.93
42.500	31.05
42.520	17.62
42.540	9.81
42.560	4.75
42.580	3.39
42.600	2.72
42.620	2.31
42.640	2.03
42.660	1.83
42.680	1.69
42.700	1.58
42.720	1.49
42.740	1.42
42.760	1.37
42.780	1.32
42.800	1.28
42.820	1.25
42.840	1.23
42.860	1.00
42.880	1.00
42.900	1.00
42.920	1.00
42.940	1.00
42.960	1.00
42.980	1.00
43.000	1.00
43.020	1.00
43.040	1.00
43.060	1.00
43.080	1.00
43.100	1.00
43.120	1.00
43.140	1.00
43.160	1.00
43.180	1.00
43.200	1.00
43.220	1.00
43.240	1.00
43.260	1.00
43.280	1.00
43.300	1.68
43.320	1.76
43.340	1.85
43.360	1.97
43.380	2.11
43.400	2.28
43.420	2.49
43.440	4.48
43.460	5.04
43.480	5.74
43.500	10.75
43.520	12.47
43.540	14.80
43.560	18.35
43.580	25.00
43.600	40.52
43.620	69.71
43.640	113.59
43.660	148.57
43.680	138.11
43.700	105.77
43.720	90.43
43.740	110.12
43.760	178.12
43.780	298.53
43.800	438.22
43.820	529.12
43.840	642.92
43.860	818.67
43.880	846.51
43.900	625.85
43.920	401.04
43.940	299.09
43.960	284.99
43.980	252.13
44.000	176.56
44.020	111.38
44.040	75.95
44.060	63.65
44.080	66.30
44.100	88.84
44.120	151.40
44.140	275.25
44.160	436.05
44.180	499.18
44.200	378.63
44.220	220.75
44.240	117.04
44.260	64.94
44.280	47.28
44.300	42.29
44.320	44.79
44.340	58.76
44.360	96.85
44.380	178.01
44.400	293.33
44.420	364.96
44.440	307.55
44.460	199.60
44.480	133.90
44.500	130.47
44.520	166.49
44.540	185.09
44.560	142.02
44.580	84.91
44.600	45.52
44.620	25.81
44.640	17.76
44.660	13.62
44.680	11.16
44.700	9.49
44.720	8.30
44.740	7.45
44.760	6.85
44.780	6.44
44.800	5.63
44.820	10.43
44.840	11.35
44.860	12.59
44.880	14.27
44.900	16.61
44.920	20.30
44.940	26.63
44.960	41.91
44.980	71.08
45.000	114.41
45.020	142.15
45.040	128.22
45.060	99.95
45.080	85.98
45.100	95.61
45.120	141.12
45.140	261.99
45.160	516.23
45.180	898.89
45.200	1186.30
45.220	1036.64
45.240	650.32
45.260	347.61
45.280	193.61
45.300	143.84
45.320	161.50
45.340	246.88
45.360	396.84
45.380	531.48
45.400	501.05
45.420	356.77
45.440	227.52
45.460	143.30
45.480	103.34
45.500	94.75
45.520	79.91
45.540	60.09
45.560	44.43
45.580	35.49
45.600	25.90
45.620	25.04
45.640	25.63
45.660	32.21
45.680	35.75
45.700	41.27
45.720	48.79
45.740	59.80
45.760	77.07
45.780	106.90
45.800	180.65
45.820	351.97
45.840	677.92
45.860	1099.21
45.880	1291.73
45.900	1014.38
45.920	616.34
45.940	360.14
45.960	286.74
45.980	368.78
46.000	595.53
46.020	882.61
46.040	970.75
46.060	750.47
46.080	469.79
46.100	269.68
46.120	166.01
46.140	127.64
46.160	132.31
46.180	177.74
46.200	258.71
46.220	329.82
46.240	320.75
46.260	286.48
46.280	329.14
46.300	502.19
46.320	724.69
46.340	766.48
46.360	570.31
46.380	370.22
46.400	272.69
46.420	237.35
46.440	180.87
46.460	116.60
46.480	69.12
46.500	43.00
46.520	30.19
46.540	23.39
46.560	19.07
46.580	15.99
46.600	13.66
46.620	10.61
46.640	9.28
46.660	8.22
46.680	7.35
46.700	6.63
46.720	6.03
46.740	2.13
46.760	2.01
46.780	1.90
46.800	1.81
46.820	1.00
46.840	1.00
46.860	1.00
46.880	1.00
46.900	1.00
46.920	1.00
46.940	1.00
46.960	1.00
46.980	1.00
47.000	2.49
47.020	2.66
47.040	2.85
47.060	3.07
47.080	3.34
47.100	3.67
47.120	4.07
47.140	4.57
47.160	7.96
47.180	9.08
47.200	10.50
47.220	12.36
47.240	14.87
47.260	18.42
47.280	24.01
47.300	34.79
47.320	59.33
47.340	112.39
47.360	201.63
47.380	296.26
47.400	307.59
47.420	227.98
47.440	150.13
47.460	123.07
47.480	163.62
47.500	281.62
47.520	449.22
47.540	538.61
47.560	436.05
47.580	265.96
47.600	142.99
47.620	80.91
47.640	56.27
47.660	48.74
47.680	49.97
47.700	57.38
47.720	68.67
47.740	84.52
47.760	113.94
47.780	156.27
47.800	188.56
47.820	218.86
47.840	306.59
47.860	477.52
47.880	649.81
47.900	665.43
47.920	493.44
47.940	284.53
47.960	146.84
47.980	78.19
48.000	48.31
48.020	34.34
48.040	26.34
48.060	21.02
48.080	17.22
48.100	14.40
48.120	12.17
48.140	10.51
48.160	9.19
48.180	8.13
48.200	6.74
48.220	6.07
48.240	5.51
48.260	5.04
48.280	3.26
48.300	1.00
48.320	1.00
48.340	1.00
48.360	1.00
48.380	1.26
48.400	3.08
48.420	3.31
48.440	3.58
48.460	3.91
48.480	4.30
48.500	4.77
48.520	5.36
48.540	6.09
48.560	7.01
48.580	8.94
48.600	10.62
48.620	12.91
48.640	19.90
48.660	25.41
48.680	35.18
48.700	56.04
48.720	101.83
48.740	190.67
48.760	307.88
48.780	392.51
48.800	355.74
48.820	241.22
48.840	144.93
48.860	95.28
48.880	83.15
48.900	98.21
48.920	138.73
48.940	201.95
48.960	272.83
48.980	359.10
49.000	521.68
49.020	743.87
49.040	838.14
49.060	710.05
49.080	573.27
49.100	581.38
49.120	677.05
49.140	662.61
49.160	521.40
49.180	412.00
49.200	363.53
49.220	302.65
49.240	214.52
49.260	147.75
49.280	111.35
49.300	100.78
49.320	107.55
49.340	133.66
49.360	201.04
49.380	364.94
49.400	685.88
49.420	1130.30
49.440	1412.39
49.460	1210.39
49.480	792.01
49.500	470.22
49.520	283.42
49.540	184.67
49.560	143.83
49.580	147.49
49.600	206.89
49.620	335.18
49.640	504.36
49.660	579.91
49.680	466.78
49.700	303.94
49.720	198.35
49.740	160.07
49.760	164.19
49.780	167.58
49.800	137.20
49.820	97.25
49.840	67.78
49.860	72.89
49.880	107.17
49.900	160.35
49.920	191.28
49.940	158.93
49.960	99.99
49.980	54.99
50.000	30.69
50.020	19.74
50.040	14.66
50.060	9.14
50.080	7.45
50.100	6.25
50.120	5.36
50.140	4.60
50.160	4.08
50.180	3.08
50.200	2.80
50.220	2.57
50.240	2.38
50.260	2.23
50.280	2.10
50.300	1.99
50.320	1.89
50.340	1.00
50.360	1.00
50.380	1.00
50.400	1.00
50.420	1.00
50.440	1.00
50.460	1.00
50.480	1.00
50.500	1.00
50.520	1.00
50.540	1.00
50.560	1.00
50.580	1.00
50.600	1.00
50.620	1.00
50.640	1.00
50.660	1.00
50.680	1.00
50.700	9.35
50.720	10.27
50.740	11.94
50.760	13.29
50.780	15.16
50.800	17.13
50.820	19.54
50.840	22.53
50.860	26.30
50.880	31.14
50.900	37.50
50.920	46.07
50.940	70.85
50.960	90.06
50.980	122.17
51.000	188.19
51.020	338.90
51.040	647.53
51.060	1130.46
51.080	1583.36
51.100	1572.15
51.120	1159.95
51.140	755.43
51.160	486.33
51.180	336.36
51.200	267.78
51.220	263.37
51.240	340.21
51.260	569.03
51.280	1049.90
51.300	1773.11
51.320	2366.13
51.340	2184.42
51.360	1480.02
51.380	863.38
51.400	536.93
51.420	439.82
51.440	440.96
51.460	431.23
51.480	351.19
51.500	244.22
51.520	175.71
51.540	142.68
51.560	133.13
51.580	137.98
51.600	153.63
51.620	181.67
51.640	230.94
51.660	330.54
51.680	562.27
51.700	1081.28
51.720	2021.01
51.740	3190.99
51.760	3760.50
51.780	3049.20
51.800	1869.39
51.820	981.23
51.840	504.21
51.860	292.22
51.880	196.56
51.900	146.18
51.920	114.14
51.940	91.65
51.960	75.22
51.980	62.86
52.000	53.34
52.020	45.87
52.040	39.90
52.060	35.07
52.080	31.12
52.100	27.85
52.120	25.13
52.140	22.87
52.160	24.87
52.180	6.35
52.200	8.15
52.220	9.49
52.240	13.14
52.260	17.64
52.280	26.46
52.300	36.92
52.320	44.64
52.340	43.36
52.360	38.14
52.380	35.75
52.400	38.02
52.420	44.91
52.440	57.33
52.460	80.74
52.480	131.71
52.500	243.09
52.520	447.97
52.540	725.20
52.560	921.10
52.580	888.33
52.600	755.83
52.620	644.66
52.640	559.57
52.660	468.15
52.680	349.59
52.700	229.56
52.720	150.98
52.740	102.88
52.760	78.46
52.780	66.42
52.800	63.10
52.820	61.30
52.840	62.81
52.860	68.02
52.880	78.77
52.900	98.77
52.920	131.64
52.940	188.17
52.960	236.50
52.980	295.50
53.000	431.14
53.020	693.14
53.040	1075.17
53.060	1462.36
53.080	1794.44
53.100	2090.65
53.120	2014.21
53.140	1521.25
53.160	1072.08
53.180	880.78
53.200	837.10
53.220	739.86
53.240	608.00
53.260	591.30
53.280	810.05
53.300	1331.68
53.320	2042.55
53.340	2435.71
53.360	2045.79
53.380	1365.64
53.400	916.36
53.420	809.56
53.440	918.94
53.460	974.10
53.480	802.23
53.500	593.46
53.520	522.36
53.540	641.53
53.560	902.40
53.580	1072.54
53.600	912.24
53.620	588.17
53.640	329.60
53.660	182.68
53.680	113.84
53.700	81.84
53.720	64.18
53.740	52.52
53.760	33.13
53.780	27.69
53.800	23.53
53.820	20.29
53.840	17.71
53.860	15.62
53.880	10.27
53.900	9.16
53.920	8.24
53.940	7.46
53.960	6.80
53.980	6.24
54.000	1.00
54.020	1.00
54.040	1.00
54.060	1.00
54.080	5.52
54.100	6.00
54.120	6.57
54.140	7.24
54.160	8.04
54.180	9.00
54.200	10.17
54.220	11.61
54.240	13.42
54.260	15.72
54.280	18.73
54.300	22.73
54.320	28.24
54.340	36.21
54.360	49.76
54.380	75.06
54.400	132.37
54.420	256.43
54.440	472.83
54.460	734.00
54.480	845.07
54.500	672.56
54.520	417.83
54.540	225.67
54.560	123.29
54.580	78.43
54.600	59.46
54.620	51.23
54.640	47.37
54.660	47.31
54.680	52.49
54.700	67.21
54.720	97.17
54.740	142.11
54.760	182.85
54.780	185.66
54.800	160.36
54.820	150.58
54.840	185.98
54.860	308.43
54.880	567.21
54.900	954.03
54.920	1296.34
54.940	1246.80
54.960	877.27
54.980	548.56
55.000	354.51